 0.500000000000000E+000
 0.100000000000000E+001
 0.150000000000000E+001
 0.200000000000000E+001
 0.250000000000000E+001
 0.300000000000000E+001
 0.350000000000000E+001
 0.400000000000000E+001
 0.450000000000000E+001
 0.500000000000000E+001
 0.550000000000000E+001
 0.600000000000000E+001
 0.650000000000000E+001
 0.700000000000000E+001
 0.750000000000000E+001
 0.800000000000000E+001
 0.850000000000000E+001
 0.900000000000000E+001
 0.950000000000000E+001
 0.100000000000000E+002
 0.105000000000000E+002
 0.110000000000000E+002
 0.115000000000000E+002
 0.120000000000000E+002
 0.125000000000000E+002
 0.130000000000000E+002
 0.135000000000000E+002
 0.140000000000000E+002
 0.145000000000000E+002
 0.150000000000000E+002
